998823504
998348601
985520154
976320309
975620675
973510019
973505357
971506191
971204052
968802249
968502559
967505967
967504697
967501685
967501065
962501318
960506152
957802416
957528474
957526858
957520901
957503931
956512495
956506828
956501258
955801204
955511217
955510029
955503982
955500293
954509741
954507976
954506077
954503439
954200838
950608406
950033555
950026914
947252029
946750650
946051018
945752137
945551018
937080414
927250217
925520108
916920697
905620035
897080289
886080282
885581033
882848229
880669957
879916799
878730647
878128289
877220095
876580077
872803390
870800299
869500223
867800518
867800427
862500279
857802508
857800692
857500227
857200521
856802400
855802369
855801072
855200507
854800745
853126175
852389865
851386961
849726161
847845849
845420280
844881417
843802265
838612562
838391514
837905660
834242018
834157513
834096695
833457211
832454060
832345540
832235402
831888318
829335108
829323211
828902387
827688011
824690002
824484653
824274534
824164792
824085732
823982954
823463377
822947636
820724508
820402915
820363331
820039311
818706590
817390941
817389141
815371661
815145347
813928942
813603347
813179793
813123486
812773711
812164739
811934363
811847243
810794800
809872807
808809909
808630826
808234801
808227052
808051502
807856596
807641360
805020740
804834711
804790350
804153468
802801472
802523936
801252719
801250531
799995386
797904968
797897923
797896412
797080850
795329580
795316785
795120039
794846501
793797283
793618828
792345530
791567092
790843411
789791464
789551892
789485869
789216702
789139789
788778777
788617793
788213825
788212660
788058030
786920306
786150391
786019554
785820507
785480351
784971343
784971301
784939688
784608416
784275778
784257164
783712045
783336068
783169196
782921233
782885735
782620520
782021307
781847488
781847447
781847421
781831714
781452511
781446521
781423280
781112891
780428942
780129987
779924133
779838366
779639103
779558501
779555887
779471986
779463223
779213867
778846873
778740001
778213322
778204271
778147454
778137877
778127613
778115824
777907684
777903816
777863820
777749375
777749342
777749326
777456179
777346412
777346099
776986546
776950446
776950404
776950396
776938599
776916207
776531568
776221467
776179335
775784689
775761844
775742919
775733835
775718216
775716772
775716673
775715592
775714991
775713662
775711674
775709702
775701758
775701477
775694995
775694730
775690621
775690035
775685399
775685340
775685316
775682990
775681091
775678980
775678584
775675739
775675291
775672165
775670284
775667637
775666340
775665631
775665615
775665433
775664873
775661390
775648231
775644149
775642044
775634272
775634249
775634132
775629074
775627391
775624562
775624240
775621733
775618689
775618622
775616592
775616162
775615537
775615511
775614308
775609621
775607609
775606361
775605595
775605462
775602238
775592496
775591563
775590847
775589187
775588692
775583248
775579659
775577018
775576986
775569726
775567761
775565088
775559404
775559115
775552151
775424914
775347891
772500369
769800202
767800121
759200751
758501001
757166730
756802328
756800322
755800646
755501590
754800712
753759570
753673409
753201144
753108950
752108134
750775660
750475360
749811881
748801906
747252120
745550111
745420653
739806230
738205269
737050187
732980479
732075312
729800706
729201590
728206533
727050080
726580152
723001467
722621166
722620119
722069366
722065638
722063997
722057460
722045879
722024742
722003464
722000957
722000395
720801497
720800689
720501410
720001437
719807406
713820660
712880830
712620715
712058965
712056266
712052612
712052141
712049618
712044502
712042456
712030154
712019538
709806624
709801781
709200307
706980182
706580149
705580389
705580108
702055187
702042755
702034398
702034004
702028234
702027871
702023433
702021114
702011172
702002221
702001785
702000522
700200983
699804308
699625013
698800935
696780428
696520410
695680108
693001091
692043714
692015217
692007495
692004807
688203173
687020214
685550659
685420606
682780150
682003991
676920234
676250111
675980114
675680458
675580542
673620399
672039971
672024155
672014081
672008489
668502966
665580072
662042449
662025196
654800689
652054198
652044827
646650234
645680026
642044366
642041362
642016166
642009583
642005177
639804384
639200260
638503045
638502963
636720120
632050019
632045837
632041042
632039988
632017513
632012100
632009528
632000014
630800084
629857301
629800988
622057594
622044501
622042422
622037513
622037083
622019503
622009918
620100081
618200380
617120118
612039495
612039073
612035832
612034496
609849153
608202727
605520071
602820011
602056749
602055311
602044638
602039299
602025538
602020737
602018897
