367801404
361200389
358802296
357801109
357200054
356801571
356000000
355502295
353944093
353888845
353821028
353669419
353543358
353534506
353513450
353286065
353150261
352973622
352948434
352905707
352873236
352774079
352745749
352600456
352529499
352483341
352383715
352335962
352268973
352256424
352176721
352170013
352050512
352033914
352014955
351745724
351630371
351572888
351571757
351466495
351442082
351347232
350992707
350753125
350693586
349974931
349942458
349638395
349505370
349355529
348937012
348899295
348607417
348552415
348099987
347989808
347902587
347848947
347806002
347570350
347410011
347384570
345351183
345197552
345130488
345086177
344844998
344770870
344496252
344347232
344307384
344122262
344103270
344026075
343979092
343958138
343488508
343403531
343262622
343234142
343059564
343056958
343043360
343008231
342786837
342547361
342448222
342404399
342048055
341975449
341972156
341907236
341785632
341737062
341459386
341434108
341192227
341152395
341095735
341067692
340641216
340137736
340109040
340035526
340018852
339993164
339946469
339812059
339809527
339761298
339755969
339488777
339379984
339343758
339105553
339030702
338780513
338723919
338695869
338567258
338481955
338460017
338329469
338246317
338185762
338154610
338071053
337621841
337609622
337587422
337280226
337080543
335580809
335186094
335146312
334654035
334516895
334204971
334159472
334028123
333916385
333684124
333583466
333491066
333344000
333286714
333202083
332890359
332822485
332564954
332323047
332050038
331930081
331888990
331648014
331620096
331619759
331596270
331408336
331405936
331378018
331339275
331312108
331310870
331204396
330730771
330447236
330339144
330319260
330267691
329925010
329879050
329681340
329463715
329426340
329393797
329368526
329338883
329198337
329187900
329035422
328931613
328905997
328779293
328031042
328024187
327991774
327948907
327733432
327643979
327641346
327359980
327280368
326820065
326784709
326780541
326557725
326180544
326094471
325857357
325821072
325820751
325720720
325685139
325520898
325520450
325517621
325446930
325307106
324646090
324613678
324559970
324103829
323932236
323914143
323841353
323768283
323722165
323690271
323636837
323540898
323532267
323438028
323391367
323379040
323140392
322566043
322424342
322190109
321970782
321840225
321616914
321502049
321263683
321165045
321057978
320955396
320443393
320442726
320441108
320342264
320229644
320217144
319851408
319632790
319450060
319427399
319427316
319378832
319331849
319159877
319060075
318993680
318906591
318883238
318826187
318732880
318607207
318571064
318246899
317975910
317803443
317750818
317686061
317442176
317358380
317238061
317099679
316807015
316331065
316016930
315999201
315549352
315334011
315161141
315064501
315062752
315013359
315000943
314871815
314722026
314704057
314635483
314635368
314603051
314572025
314527557
314397712
314397696
314397670
314388950
314119504
313811515
313777997
313414062
313384695
313334856
313167173
312682156
312682099
312668601
312617046
312478266
312379076
312212301
312147770
311999833
311889877
311799878
311799456
311567416
311098487
311043194
310996178
310923008
310895172
310863592
310850342
310818000
310505748
310391503
309979631
309954006
309892230
309812840
309674414
309528115
309507200
309410058
309383065
309122810
309103877
309065084
308973239
308491521
308449024
308250570
308197185
308186758
308148691
308077635
307378489
307322214
307166934
307049015
306916099
306878315
306487331
306289307
306215526
306138900
306050188
306042268
306020140
305918732
305836033
305823296
305690158
305635039
305405045
305394397
305376857
305319477
305291346
305234320
305207169
305205411
305154262
305151409
304877707
304602956
304497852
304465461
304381379
304317357
303970230
303656375
303434591
303409619
303409593
303265128
302958491
302715966
302698873
302695614
302607957
302590898
302588462
302507652
302476106
302412226
302364211
302264262
302208301
302162623
302135561
302079462
301986154
301941332
301938817
301850277
301763405
301570446
301503231
301501920
301501391
301420626
301374922
301374690
301309605
301165841
300989001
300821873
281600015
260304936
241647920
219200268
200011385
194569100
194469960
178200010
173404302
095750311
095580841
087280061
086920394
086880036
086380730
085980357
085480796
085480069
073806440
072202419
071501571
069200210
068803055
067800425
063200885
062201009
061500245
060801396
060801388
059804062
058801481
057813131
057806150
057802753
057505539
057502742
056800659
056503097
056502248
056501711
055804124
055800296
054800958
054200415
045536234
025550120
017251067
016950842
016450942
016250029
015851793
007080021
