441330636
441133808
440949774
440948578
440838597
440767549
440697712
440536555
440529014
440513059
440326692
440283752
440267177
440242469
440156081
440117620
440056463
440055861
440048882
440042174
439987405
439769654
439605734
439436569
439220203
438834186
438810129
438576886
438313843
437642531
437580160
437574452
435520028
435480546
435480520
435480512
435377684
434691192
434651246
434317293
434085395
434027249
434011052
434004198
433999356
433948031
433935764
433929114
433927332
433900834
433888674
433842044
433719812
433681525
433604196
433313475
433240991
433213519
433085149
433061975
433048469
432766947
432547206
432513356
432455764
431817915
430359927
430355495
430171058
430006643
429955297
429937519
429811284
429425150
429057342
428891113
428764682
428764500
428734123
428709786
428702419
428692008
428689392
428685358
428682447
428677124
428611719
428593230
428579130
428268023
428240352
428240287
426420162
425050556
424982650
424936656
424935500
424850014
424821221
424810257
424761419
424704963
424632759
424623759
424620227
424273407
424210599
423977792
423864941
423754241
423628262
423494335
423418714
422883769
422868851
422845982
422636472
422551176
421982745
421938861
421863259
421568965
421454406
421363979
421356593
421345638
421343369
421320268
421287996
421255134
421172313
421149295
421110980
421110198
421106709
420948226
420937229
420916918
420866725
420809923
420797433
420742660
420611386
420540643
420495178
420418774
420019812
419892336
419875786
419683818
419671425
419280151
418166096
417890589
417689395
416220010
415550284
415183896
415176072
414993998
414969584
414954743
414815217
414814798
414800482
414799296
414752519
414728964
414725101
414719534
414668194
414599035
414574053
414337402
414119735
414030064
413935776
413901760
413817941
413691643
413557398
413464595
413151739
412887606
412824559
412480311
412442519
412431744
412082224
411795610
411787567
411708605
411381346
411198880
411127087
410911044
410615900
410569776
410546956
410545313
410436158
410409460
410358865
410355028
410335855
410314876
410218010
410140057
410034607
410032460
409899127
409899077
409887395
409868114
409867942
409722956
409519451
409302577
408023398
407997162
407986074
407985308
407982214
407904374
407836329
406680314
404536922
404432775
404271470
404191447
404117400
404091035
403561137
403416399
403372800
403256944
403230436
403221930
403206964
403201767
403179781
403149685
403138225
403119431
403104250
403093644
403092620
403072101
403061492
402968655
402959886
402682991
402327597
402293450
402262943
402254437
402222483
402171656
402096267
401503792
401449855
401308358
401251566
401070891
401015938
400869277
400868188
400767786
400752028
400519005
400395257
400357885
399973825
399780097
399361468
399315613
399311745
399307370
399295385
399226653
398972901
398827113
398796383
398762211
398460261
398404194
398372615
398110445
397815754
397814823
397767831
397480930
396020232
395780059
395001852
394671820
394400121
394342174
394164966
394157085
394149496
394082697
394026934
393712286
393707153
393551007
393361985
393341516
393291042
393193867
393162433
392860243
392640090
392631248
392469268
392327607
392213146
392212122
391890555
391851557
391637865
391548955
391322831
391125796
391007457
390596039
390426450
390398055
390282648
390072551
389818907
389675018
389652553
389632639
389534256
389488719
389470303
389435215
389272295
389266446
389192030
389191982
389191800
388866212
388784928
388779407
388734568
388698201
388359531
388238842
388035107
388021156
387949530
387944796
387944259
387858046
387849037
387744493
386780118
386320212
385218631
385185806
385006234
384983482
384956892
384899399
384738027
384711909
384627170
384454690
384402871
384353413
384137857
384006029
383986874
383960135
383952470
383870797
383844693
383706397
383703873
383686839
383607090
383537784
383475092
383474814
383470937
383451267
383354594
383300597
383196656
383168481
383167889
383000692
382900942
382891752
382865624
382814150
382742013
382616415
382597821
382587558
382544310
382360956
382286904
382285260
382279974
382204519
382204204
382151272
382017143
381983568
381960491
381762038
381662774
381511039
381345941
381202282
381067784
381043686
381016534
381002534
380992255
380980300
380932590
380725002
380678250
380622332
380484766
380474494
380368316
380347591
380342808
380231316
380160952
380160846
380129866
380110304
380089664
379914237
379906753
379834906
379821994
379706344
379601974
379208077
379134166
379129497
379041395
378992895
378928808
378925150
378901946
378778542
378702674
378629927
378442982
377917067
377768601
377714654
377679840
377679634
376080487
372800227
370200537
