602010696
601650146
599815073
597020841
592780043
590800215
588505354
586050072
583720644
582150868
582150041
582131264
582122230
582118675
582106985
582022265
582017810
582012936
582008728
582001707
575450283
574201919
573185684
572232411
572221034
572171635
572165652
572158269
572149169
572141885
572139996
572086213
572082253
572078905
572067684
572064145
572062594
572053833
572050334
572050169
572045540
572028033
572025526
571722669
568801013
568504161
568500680
564202166
563820489
562920470
562880179
562620773
562136036
562123513
562113530
562110619
562110346
562109801
562107003
562082909
562077792
562077503
562063057
562061630
562050864
562050856
562046235
562042598
562041525
562038893
562037838
562036624
562033068
562013771
560801300
559801675
558503355
558501912
556750123
556650208
554501171
554500199
554200808
552141533
552139677
552124984
552120222
552118465
552117590
552116329
552115891
552114175
552111809
552096281
552093338
552091795
552083297
552081739
552081317
552048837
552046955
552046484
552045999
552044992
552038200
552032708
552031650
552024671
552022105
552016834
552016628
552012585
552012031
552006454
552003261
552002917
552002313
552001406
550801195
550501985
549800373
548500982
548500149
548202985
547350249
546950379
546650367
545620114
545550378
544800592
542880125
542820352
542107800
542107651
542104245
542097944
542097522
542095336
542094750
542093166
542091186
542084454
542083704
542076799
542074976
542073580
542070958
542069158
542065479
542062617
542057336
542051826
542051180
542050794
542044524
542042486
542035753
542034921
542029848
542016951
542016654
542016381
542014428
542009824
542001193
539748673
538760125
538695040
538678277
538567793
538518473
537978603
537020216
535420533
535354906
535146500
535113062
535104756
534214051
534175179
534092499
534089529
533667622
533247979
532254307
532000783
531680445
530675222
529389520
529268393
529221749
529219040
529192304
529075194
528858129
528449598
528365125
528194434
527866198
527860555
525721189
525580130
525361465
525105607
524544939
524334943
523676245
523644615
523394724
521826107
521676155
521320408
520335514
519881791
519819478
519685085
519482152
519319651
519091789
519029573
519022586
518898069
518720925
518515564
518515416
518201710
517614939
517608139
517585154
517583423
517529830
517501276
517465928
517442125
517405783
517390183
515450088
515260883
515163749
515131431
515130599
515102135
515090686
514368034
514111145
514080837
514032655
513634808
513254227
512616798
512611781
511746356
511316291
511302069
511070427
509873543
509778544
509678959
509553459
509530770
509447892
509378386
509346391
508513785
508102159
508031523
507500635
506950211
504941337
504726787
504538745
504514555
504313032
503975864
503681801
503110835
502567373
501719413
501689558
501683460
501645196
501602916
501447288
501434898
501214837
501137483
501018279
500994199
500993969
500569405
500168463
500119995
499665537
499529121
498903194
497930164
497380980
496680018
494956774
494887854
494887631
493983431
493844252
493519904
493479489
493462154
493455042
493431142
493418545
493394662
493385785
493323406
493318380
493318067
493265284
493254908
493191407
492826417
492791306
492497359
492029475
491668893
491372702
491371167
491327375
490596384
490381753
490024049
489938407
489682005
489455360
489243881
488866591
488727298
488624255
488601337
488498155
488411844
488385907
488172347
487940769
487706046
487650632
487625436
487469330
485720627
485197552
484982012
484920194
484592522
484348487
484085295
483995189
483598603
483479168
483321378
483247862
483205647
483018370
482645058
482605771
482435898
482283694
481213692
481212561
481094480
480871490
480470152
480211671
480108034
480107911
480081306
480011451
479960965
479918526
479673451
479464166
479162695
478834930
478372691
477280846
477181010
477180186
476980321
475750337
475680815
475483319
471502518
470801168
470500943
469600050
464202373
458204963
457507267
457506566
457208619
456500537
456204940
456204809
455502096
455501452
453102717
452807100
452565864
451847396
451799845
451746077
451678973
451375638
451363550
451354005
451329908
451221295
451208292
451148209
450792999
450776968
450547930
450372347
449990712
449586544
449354224
448933325
447800475
447754086
445950074
445331192
445213770
445201247
445174675
445088057
444953830
444798813
444786511
444643720
444619258
444571000
444565659
444502025
444483770
444454326
444420830
444330781
444330641
444329734
444329478
444329346
444285829
444212955
444187884
444030902
443982038
443748157
443716832
443177233
443146873
443061304
442848925
442694436
442642666
442528873
441921962
441921913
441491875
441378312
